[gd_scene load_steps=32 format=3 uid="uid://c3idtvrethe3c"]

[ext_resource type="Script" path="res://Mods/Scripts/ModTrack.gd" id="1_b3smp"]
[ext_resource type="Script" path="res://Mods/Scripts/ModRaceSettings.gd" id="2_7ut61"]
[ext_resource type="Script" path="res://Mods/Scripts/ModCarClassSetting.gd" id="3_4p0fs"]
[ext_resource type="Texture2D" uid="uid://umk53y7m5tkp" path="res://Mods/girona_map/Tracks/copa_park/textures/Street View 360.jpg" id="4_23ujx"]
[ext_resource type="PackedScene" uid="uid://c7d7wtb3lm6hn" path="res://Mods/Placeholders/mod_car_spawn.tscn" id="5_pxs4p"]
[ext_resource type="PackedScene" uid="uid://btshuvgc5p0v0" path="res://Mods/Placeholders/mod_checkpoint.tscn" id="6_n4iwb"]
[ext_resource type="Script" path="res://Mods/Scripts/ModTrackPath.gd" id="7_8aq6q"]
[ext_resource type="Material" uid="uid://budvf3w2bjk2w" path="res://Mods/Placeholders/Materials/track_path.tres" id="8_6vtby"]
[ext_resource type="PackedScene" uid="uid://cu0mwqn0aqh5x" path="res://Mods/Placeholders/mod_track_path_point.tscn" id="9_dogke"]
[ext_resource type="PackedScene" uid="uid://cq6m734ruksda" path="res://Mods/Placeholders/mod_barrier_arrow_block.tscn" id="10_78mnx"]
[ext_resource type="PackedScene" uid="uid://dq2fgy8jxkssy" path="res://Mods/Placeholders/mod_barrier_railing.tscn" id="11_deirm"]
[ext_resource type="PackedScene" uid="uid://b80ls8gu1xpos" path="res://Mods/Placeholders/mod_spectator_car.tscn" id="12_urrpa"]
[ext_resource type="PackedScene" uid="uid://cvsxe56hnxaa0" path="res://Mods/Placeholders/mod_trigger.tscn" id="13_ir4hb"]
[ext_resource type="Script" path="res://Mods/Scripts/ModReverbTrigger.gd" id="14_blut3"]
[ext_resource type="Script" path="res://Mods/Scripts/ModTrackCamera.gd" id="15_2xi47"]
[ext_resource type="PackedScene" uid="uid://dqqrq7ntnw2j8" path="res://Mods/Placeholders/mod_track_camera_previewer.tscn" id="16_sjyam"]
[ext_resource type="PackedScene" uid="uid://dp7e7e4jrfb5o" path="res://Mods/girona_map/Tracks/sample_track/sample_track.glb" id="17_nsd0a"]
[ext_resource type="Material" uid="uid://3g3wmcrspnk4" path="res://Mods/girona_map/Tracks/sample_track/sample_track_diffuse.tres" id="18_txjyf"]
[ext_resource type="PackedScene" uid="uid://dw33ew6ui1iic" path="res://Mods/girona_map/Tracks/copa_park/copa_mesh.blend" id="19_7ct8s"]
[ext_resource type="Script" path="res://Mods/Scripts/ModTrackIntroCamera.gd" id="20_x7yee"]

[sub_resource type="Resource" id="Resource_5y32m"]
script = ExtResource("3_4p0fs")
car_class = "light"
laps = 1

[sub_resource type="Resource" id="Resource_73miq"]
script = ExtResource("3_4p0fs")
car_class = "heavy"
laps = 1

[sub_resource type="Resource" id="Resource_sju77"]
script = ExtResource("3_4p0fs")
car_class = "ultra"
laps = 2

[sub_resource type="Resource" id="Resource_2hlki"]
script = ExtResource("3_4p0fs")
car_class = "cheat"
laps = 2

[sub_resource type="ImmediateMesh" id="ImmediateMesh_d3ae2"]

[sub_resource type="BoxMesh" id="BoxMesh_gssgq"]
size = Vector3(500, 2, 500)

[sub_resource type="BoxMesh" id="BoxMesh_cowdu"]
size = Vector3(8, 8, 8)

[sub_resource type="Curve" id="Curve_lm6xc"]
_data = [Vector2(0, 0), 0.0, 0.0, 0, 0, Vector2(1, 1), 0.0, 0.0, 0, 0]
point_count = 2

[sub_resource type="Curve" id="Curve_we1yi"]
_data = [Vector2(0, 0), 0.0, 0.0, 0, 0, Vector2(1, 1), -1.31137, 0.0, 0, 0]
point_count = 2

[sub_resource type="Curve3D" id="Curve3D_2cfli"]
_data = {
"points": PackedVector3Array(0, 0, 0, 0, 0, 0, -188.731, 110.412, 271.192, 0, 0, 0, 0, 0, 0, -119.265, 65.8111, 42.9266, 0, 0, 0, 0, 0, 0, 8.29419, 21.3474, -30.8601),
"tilts": PackedFloat32Array(0, 0.00109135, -0.834515)
}
point_count = 3

[sub_resource type="Curve3D" id="Curve3D_f14xr"]
_data = {
"points": PackedVector3Array(154.228, 31.6697, 253.589, -154.228, -31.6697, -253.589, 298.158, 29.1325, 122.805, 0, 0, 0, 0, 0, 0, 5.93165, 7.31078, 33.8468),
"tilts": PackedFloat32Array(0, 0)
}
point_count = 2

[node name="TrackWalaberTest" type="Node3D"]
script = ExtResource("1_b3smp")

[node name="RaceSettings" type="Node" parent="."]
unique_name_in_owner = true
script = ExtResource("2_7ut61")
per_car_class_settings = Array[ExtResource("3_4p0fs")]([SubResource("Resource_5y32m"), SubResource("Resource_73miq"), SubResource("Resource_sju77"), SubResource("Resource_2hlki")])
built_in_skybox_style = 1
pgrc_skybox_name = ""
custom_skybox_texture = ExtResource("4_23ujx")
custom_skybox_offset = Vector2(90, 45)
pgrc_music_name = "mtrush"

[node name="CarSpawn" parent="." instance=ExtResource("5_pxs4p")]
unique_name_in_owner = true
transform = Transform3D(-0.985844, 0, -0.167664, 0, 1, 0, 0.167664, 0, -0.985844, 8.21364, 1.50677, -25.3975)

[node name="Checkpoints" type="Node3D" parent="."]
unique_name_in_owner = true

[node name="checkpoint" parent="Checkpoints" instance=ExtResource("6_n4iwb")]
transform = Transform3D(-0.984072, 0, -0.177772, 0, 1, 0, 0.177772, 0, -0.984072, 11.196, 0.250278, -21.2282)
size = Vector2(6, 5)

[node name="checkpoint2" parent="Checkpoints" instance=ExtResource("6_n4iwb")]
transform = Transform3D(-0.996961, 0, -0.0779024, 0, 1, 0, 0.0779024, 0, -0.996961, 14.5623, 0, 6.73697)
size = Vector2(6, 5)

[node name="checkpoint3" parent="Checkpoints" instance=ExtResource("6_n4iwb")]
transform = Transform3D(-0.896996, 0, 0.442038, 0, 1, 0, -0.442038, 0, -0.896996, 7.13119, 0, 51.3818)
size = Vector2(6, 5)

[node name="checkpoint4" parent="Checkpoints" instance=ExtResource("6_n4iwb")]
transform = Transform3D(-0.888721, 0, 0.458448, 0, 1, 0, -0.458448, 0, -0.888721, -42.4802, 0.00394285, 114.426)
size = Vector2(6, 5)

[node name="checkpoint5" parent="Checkpoints" instance=ExtResource("6_n4iwb")]
transform = Transform3D(-0.812124, 0, 0.583484, 0, 1, 0, -0.583484, 0, -0.812124, -62.9935, 0, 151.222)
size = Vector2(6, 5)

[node name="checkpoint6" parent="Checkpoints" instance=ExtResource("6_n4iwb")]
transform = Transform3D(-0.481601, 0, -0.876391, 0, 1, 0, 0.876391, 0, -0.481601, -80.4119, 0.00394315, 205.984)
size = Vector2(6, 5)

[node name="checkpoint7" parent="Checkpoints" instance=ExtResource("6_n4iwb")]
transform = Transform3D(0.885564, 0, -0.464517, 0, 1, 0, 0.464517, 0, 0.885564, -39.3477, 0, 140.572)
size = Vector2(6, 5)

[node name="checkpoint8" parent="Checkpoints" instance=ExtResource("6_n4iwb")]
transform = Transform3D(0.825764, 0, -0.564016, 0, 1, 0, 0.564016, 0, 0.825764, 21.2159, 0, 56.7431)
size = Vector2(6, 5)

[node name="checkpoint9" parent="Checkpoints" instance=ExtResource("6_n4iwb")]
transform = Transform3D(0.987036, 0, 0.160501, 0, 1, 0, -0.160501, 0, 0.987036, 32.9791, 0, 31.1629)
size = Vector2(6, 5)

[node name="checkpoint10" parent="Checkpoints" instance=ExtResource("6_n4iwb")]
transform = Transform3D(0.244867, 0, -0.969557, 0, 1, 0, 0.969557, 0, 0.244867, 28.1685, 0, -54.9495)
size = Vector2(6, 5)

[node name="checkpoint11" parent="Checkpoints" instance=ExtResource("6_n4iwb")]
transform = Transform3D(-0.598604, 0, -0.801045, 0, 1, 0, 0.801045, 0, -0.598604, 58.0003, 0.103942, 28.8979)
size = Vector2(6, 5)

[node name="checkpoint12" parent="Checkpoints" instance=ExtResource("6_n4iwb")]
transform = Transform3D(0.895828, 0, 0.4444, 0, 1, 0, -0.4444, 0, 0.895828, 36.7392, 0, -69.8511)
size = Vector2(6, 5)

[node name="checkpoint13" parent="Checkpoints" instance=ExtResource("6_n4iwb")]
transform = Transform3D(0.630933, 0, 0.775837, 0, 1, 0, -0.775837, 0, 0.630933, 23.4565, 0.00394297, -108.128)
size = Vector2(6, 5)

[node name="checkpoint14" parent="Checkpoints" instance=ExtResource("6_n4iwb")]
transform = Transform3D(-0.240584, 0, -0.970628, 0, 1, 0, 0.970628, 0, -0.240584, 27.6672, 0.203943, -125.388)
size = Vector2(6, 5)

[node name="checkpoint15" parent="Checkpoints" instance=ExtResource("6_n4iwb")]
transform = Transform3D(-0.0103153, 0, 0.999947, 0, 1, 0, -0.999947, 0, -0.0103153, 33.252, 0.203943, -204.21)
size = Vector2(4.865, 5)

[node name="checkpoint16" parent="Checkpoints" instance=ExtResource("6_n4iwb")]
transform = Transform3D(-0.998619, 0, -0.0525454, 0, 1, 0, 0.0525454, 0, -0.998619, -1.23989, 0.203943, -191.717)
size = Vector2(6, 5)

[node name="checkpoint17" parent="Checkpoints" instance=ExtResource("6_n4iwb")]
transform = Transform3D(0.21303, 0, 0.977046, 0, 1, 0, -0.977046, 0, 0.21303, -13.266, 0.203943, -161.776)
size = Vector2(9, 5)

[node name="checkpoint18" parent="Checkpoints" instance=ExtResource("6_n4iwb")]
transform = Transform3D(-0.898687, 0, -0.438591, 0, 1, 0, 0.438591, 0, -0.898687, -47.7481, 0.203943, -171.312)
size = Vector2(9, 5)

[node name="checkpoint19" parent="Checkpoints" instance=ExtResource("6_n4iwb")]
transform = Transform3D(-0.997982, 0, -0.0635048, 0, 1, 0, 0.0635048, 0, -0.997982, 2.79052, 0.203943, -125.329)
size = Vector2(6, 5)

[node name="checkpoint20" parent="Checkpoints" instance=ExtResource("6_n4iwb")]
transform = Transform3D(-0.901855, 0, 0.432038, 0, 1, 0, -0.432038, 0, -0.901855, -18.7184, 0.00394297, -98.6023)
size = Vector2(7.1, 5)

[node name="checkpoint21" parent="Checkpoints" instance=ExtResource("6_n4iwb")]
transform = Transform3D(-0.562458, 0, -0.826825, 0, 1, 0, 0.826825, 0, -0.562458, -2.22694, 0.684612, -60.924)
size = Vector2(7.645, 5)

[node name="TrackPath" type="MeshInstance3D" parent="."]
unique_name_in_owner = true
transform = Transform3D(1, 0, 0, 0, 1, 0, 0, 0, 1, 0, 0.14903, 0)
mesh = SubResource("ImmediateMesh_d3ae2")
script = ExtResource("7_8aq6q")
material = ExtResource("8_6vtby")
bezier_handle_length = 2.5
vert_spacing = 1.0

[node name="track_path_point" parent="TrackPath" instance=ExtResource("9_dogke")]
transform = Transform3D(1, 0, 0, 0, 1, 0, 0, 0, 1, 8.31322, -0.145087, -22.7226)

[node name="track_path_point2" parent="TrackPath" instance=ExtResource("9_dogke")]
transform = Transform3D(1, 0, 0, 0, 1, 0, 0, 0, 1, 11.4998, -0.145087, -9.21756)

[node name="track_path_point3" parent="TrackPath" instance=ExtResource("9_dogke")]
transform = Transform3D(1, 0, 0, 0, 1, 0, 0, 0, 1, 12.7137, -0.145087, 14.3024)

[node name="track_path_point4" parent="TrackPath" instance=ExtResource("9_dogke")]
transform = Transform3D(1, 0, 0, 0, 1, 0, 0, 0, 1, 11.4998, -0.145087, 38.581)

[node name="track_path_point5" parent="TrackPath" instance=ExtResource("9_dogke")]
transform = Transform3D(1, 0, 0, 0, 1, 0, 0, 0, 1, 2.69878, -0.145087, 56.3348)

[node name="track_path_point6" parent="TrackPath" instance=ExtResource("9_dogke")]
transform = Transform3D(1, 0, 0, 0, 1, 0, 0, 0, 1, -11.8684, -0.145087, 75.7577)

[node name="track_path_point7" parent="TrackPath" instance=ExtResource("9_dogke")]
transform = Transform3D(1, 0, 0, 0, 1, 0, 0, 0, 1, -26.7391, -0.145087, 91.3871)

[node name="track_path_point8" parent="TrackPath" instance=ExtResource("9_dogke")]
transform = Transform3D(1, 0, 0, 0, 1, 0, 0, 0, 1, -47.9829, -0.145087, 116.728)

[node name="track_path_point9" parent="TrackPath" instance=ExtResource("9_dogke")]
transform = Transform3D(1, 0, 0, 0, 1, 0, 0, 0, 1, -57.3909, -0.145087, 138.427)

[node name="track_path_point10" parent="TrackPath" instance=ExtResource("9_dogke")]
transform = Transform3D(1, 0, 0, 0, 1, 0, 0, 0, 1, -64.0675, -0.145087, 149.504)

[node name="track_path_point11" parent="TrackPath" instance=ExtResource("9_dogke")]
transform = Transform3D(1, 0, 0, 0, 1, 0, 0, 0, 1, -75.5998, -0.145087, 162.554)

[node name="track_path_point12" parent="TrackPath" instance=ExtResource("9_dogke")]
transform = Transform3D(1, 0, 0, 0, 1, 0, 0, 0, 1, -87.1322, -0.145087, 182.128)

[node name="track_path_point13" parent="TrackPath" instance=ExtResource("9_dogke")]
transform = Transform3D(1, 0, 0, 0, 1, 0, 0, 0, 1, -87.1322, -0.145087, 200.128)

[node name="track_path_point14" parent="TrackPath" instance=ExtResource("9_dogke")]
transform = Transform3D(1, 0, 0, 0, 1, 0, 0, 0, 1, -79.0899, -0.145087, 209.688)

[node name="track_path_point15" parent="TrackPath" instance=ExtResource("9_dogke")]
transform = Transform3D(1, 0, 0, 0, 1, 0, 0, 0, 1, -57.9978, -0.145087, 209.992)

[node name="track_path_point16" parent="TrackPath" instance=ExtResource("9_dogke")]
transform = Transform3D(1, 0, 0, 0, 1, 0, 0, 0, 1, -43.8858, -0.145087, 196.031)

[node name="track_path_point17" parent="TrackPath" instance=ExtResource("9_dogke")]
transform = Transform3D(1, 0, 0, 0, 1, 0, 0, 0, 1, -34.7813, -0.145087, 179.947)

[node name="track_path_point18" parent="TrackPath" instance=ExtResource("9_dogke")]
transform = Transform3D(1, 0, 0, 0, 1, 0, 0, 0, 1, -30.9878, -0.145087, 167.808)

[node name="track_path_point19" parent="TrackPath" instance=ExtResource("9_dogke")]
transform = Transform3D(1, 0, 0, 0, 1, 0, 0, 0, 1, -38.4231, -0.145087, 151.419)

[node name="track_path_point20" parent="TrackPath" instance=ExtResource("9_dogke")]
transform = Transform3D(1, 0, 0, 0, 1, 0, 0, 0, 1, 7.05416, -0.145087, 82.2936)

[node name="track_path_point21" parent="TrackPath" instance=ExtResource("9_dogke")]
transform = Transform3D(1, 0, 0, 0, 1, 0, 0, 0, 1, 35.3905, -0.145087, 41.4912)

[node name="track_path_point22" parent="TrackPath" instance=ExtResource("9_dogke")]
transform = Transform3D(1, 0, 0, 0, 1, 0, 0, 0, 1, 28.3589, -0.145087, -7.53852)

[node name="track_path_point23" parent="TrackPath" instance=ExtResource("9_dogke")]
transform = Transform3D(1, 0, 0, 0, 1, 0, 0, 0, 1, 23.4365, -0.145087, -41.1844)

[node name="track_path_point24" parent="TrackPath" instance=ExtResource("9_dogke")]
transform = Transform3D(1, 0, 0, 0, 1, 0, 0, 0, 1, 31.9775, -0.145087, -48.9331)

[node name="track_path_point25" parent="TrackPath" instance=ExtResource("9_dogke")]
transform = Transform3D(1, 0, 0, 0, 1, 0, 0, 0, 1, 38.2788, -0.145087, -43.2954)

[node name="track_path_point26" parent="TrackPath" instance=ExtResource("9_dogke")]
transform = Transform3D(1, 0, 0, 0, 1, 0, 0, 0, 1, 50.8964, -0.145087, 44.8539)

[node name="track_path_point27" parent="TrackPath" instance=ExtResource("9_dogke")]
transform = Transform3D(1, 0, 0, 0, 1, 0, 0, 0, 1, 65.948, -0.145087, 51.2675)

[node name="track_path_point28" parent="TrackPath" instance=ExtResource("9_dogke")]
transform = Transform3D(1, 0, 0, 0, 1, 0, 0, 0, 1, 44.9607, -0.145087, -60.8349)

[node name="track_path_point29" parent="TrackPath" instance=ExtResource("9_dogke")]
transform = Transform3D(1, 0, 0, 0, 1, 0, 0, 0, 1, 32.8108, -0.145087, -103.825)

[node name="track_path_point30" parent="TrackPath" instance=ExtResource("9_dogke")]
transform = Transform3D(1, 0, 0, 0, 1, 0, 0, 0, 1, 17.7105, -0.145087, -115.663)

[node name="track_path_point31" parent="TrackPath" instance=ExtResource("9_dogke")]
transform = Transform3D(1, 0, 0, 0, 1, 0, 0, 0, 1, 18.2972, -0.145087, -127.983)

[node name="track_path_point32" parent="TrackPath" instance=ExtResource("9_dogke")]
transform = Transform3D(1, 0, 0, 0, 1, 0, 0, 0, 1, 44.6974, -0.145087, -127.983)

[node name="track_path_point33" parent="TrackPath" instance=ExtResource("9_dogke")]
transform = Transform3D(1, 0, 0, 0, 1, 0, 0, 0, 1, 40.004, -0.145087, -205.424)

[node name="track_path_point34" parent="TrackPath" instance=ExtResource("9_dogke")]
transform = Transform3D(1, 0, 0, 0, 1, 0, 0, 0, 1, 6.56377, -0.145087, -197.797)

[node name="track_path_point35" parent="TrackPath" instance=ExtResource("9_dogke")]
transform = Transform3D(1, 0, 0, 0, 1, 0, 0, 0, 1, -62.4362, -0.145087, -173.797)

[node name="track_path_point36" parent="TrackPath" instance=ExtResource("9_dogke")]
transform = Transform3D(1, 0, 0, 0, 1, 0, 0, 0, 1, 3.27101, -0.145087, -128.623)

[node name="track_path_point37" parent="TrackPath" instance=ExtResource("9_dogke")]
transform = Transform3D(1, 0, 0, 0, 1, 0, 0, 0, 1, 3.27101, -0.145087, -117.477)

[node name="track_path_point38" parent="TrackPath" instance=ExtResource("9_dogke")]
transform = Transform3D(1, 0, 0, 0, 1, 0, 0, 0, 1, -16.6759, -0.145087, -108.09)

[node name="track_path_point39" parent="TrackPath" instance=ExtResource("9_dogke")]
transform = Transform3D(1, 0, 0, 0, 1, 0, 0, 0, 1, -24.3026, -0.145087, -86.3829)

[node name="track_path_point40" parent="TrackPath" instance=ExtResource("9_dogke")]
transform = Transform3D(1, 0, 0, 0, 1, 0, 0, 0, 1, -19.0225, -0.145087, -71.7161)

[node name="track_path_point41" parent="TrackPath" instance=ExtResource("9_dogke")]
transform = Transform3D(1, 0, 0, 0, 1, 0, 0, 0, 1, 0.924301, -0.145087, -57.0493)

[node name="track_path_point42" parent="TrackPath" instance=ExtResource("9_dogke")]
transform = Transform3D(1, 0, 0, 0, 1, 0, 0, 0, 1, 6.20436, -0.145087, -42.3825)

[node name="track_path_point43" parent="TrackPath" instance=ExtResource("9_dogke")]
transform = Transform3D(1, 0, 0, 0, 1, 0, 0, 0, 1, 9.13774, -0.145087, -20.089)

[node name="Barriers" type="Node3D" parent="."]
unique_name_in_owner = true

[node name="barrier_arrow_block" parent="Barriers" instance=ExtResource("10_78mnx")]
transform = Transform3D(0.662842, 0, 0.748759, 0, 1, 0, -0.748759, 0, 0.662842, -48.0384, 0.00394196, 129.444)

[node name="barrier_arrow_block3" parent="Barriers" instance=ExtResource("10_78mnx")]
transform = Transform3D(0.561679, 0, 0.827355, 0, 1, 0, -0.827355, 0, 0.561679, -53.0623, 0.00394286, 137.568)

[node name="barrier_arrow_block4" parent="Barriers" instance=ExtResource("10_78mnx")]
transform = Transform3D(0.561679, 0, 0.827355, 0, 1, 0, -0.827355, 0, 0.561679, -58.1929, 0.00394298, 147.174)

[node name="barrier_arrow_block7" parent="Barriers" instance=ExtResource("10_78mnx")]
transform = Transform3D(-0.109526, 0, 0.993984, 0, 1, 0, -0.993984, 0, -0.109526, -95.4331, 0.00394298, 191.039)

[node name="barrier_arrow_block8" parent="Barriers" instance=ExtResource("10_78mnx")]
transform = Transform3D(-0.35496, 0, 0.934881, 0, 1, 0, -0.934881, 0, -0.35496, -91.1362, 0.00394298, 205.362)

[node name="barrier_arrow_block9" parent="Barriers" instance=ExtResource("10_78mnx")]
transform = Transform3D(-0.810379, 0, -0.585906, 0, 1, 0, 0.585906, 0, -0.810379, -54.542, 0.00394302, 212.966)

[node name="barrier_arrow_block10" parent="Barriers" instance=ExtResource("10_78mnx")]
transform = Transform3D(-0.666025, 0, -0.745929, 0, 1, 0, 0.745929, 0, -0.666025, -45.8291, 0.00394302, 205.837)

[node name="barrier_arrow_block11" parent="Barriers" instance=ExtResource("10_78mnx")]
transform = Transform3D(-0.509927, 0, -0.860217, 0, 1, 0, 0.860217, 0, -0.509927, -32.0468, 0.00394302, 184.451)

[node name="barrier_arrow_block12" parent="Barriers" instance=ExtResource("10_78mnx")]
transform = Transform3D(0.0205761, 0, -0.999788, 0, 1, 0, 0.999788, 0, 0.0205761, -27.6543, 0.00394302, 173.37)

[node name="barrier_arrow_block13" parent="Barriers" instance=ExtResource("10_78mnx")]
transform = Transform3D(0.287561, 0, -0.957762, 0, 1, 0, 0.957762, 0, 0.287561, -27.255, 0.00394302, 161.49)

[node name="barrier_arrow_block14" parent="Barriers" instance=ExtResource("10_78mnx")]
transform = Transform3D(0.338754, 0, -0.940875, 0, 1, 0, 0.940875, 0, 0.338754, -32.8455, 0.203943, 147.314)

[node name="barrier_arrow_block15" parent="Barriers" instance=ExtResource("10_78mnx")]
transform = Transform3D(-0.991545, 0, -0.129765, 0, 1, 0, 0.129765, 0, -0.991545, -33.7898, 0.203943, 129.978)

[node name="barrier_arrow_block16" parent="Barriers" instance=ExtResource("10_78mnx")]
transform = Transform3D(0.219114, 0, -0.975699, 0, 1, 0, 0.975699, 0, 0.219114, -21.4277, 0.18523, 128.137)

[node name="barrier_arrow_block5" parent="Barriers" instance=ExtResource("10_78mnx")]
transform = Transform3D(0.42955, 0, -0.903043, 0, 1, 0, 0.903043, 0, 0.42955, -42.7412, 0.00394298, 153.244)

[node name="barrier_arrow_block17" parent="Barriers" instance=ExtResource("10_78mnx")]
transform = Transform3D(-0.354552, 0, -0.935036, 0, 1, 0, 0.935036, 0, -0.354552, 27.3017, 0.00394298, 47.0409)

[node name="barrier_arrow_block18" parent="Barriers" instance=ExtResource("10_78mnx")]
transform = Transform3D(-0.216116, 0, -0.976368, 0, 1, 0, 0.976368, 0, -0.216116, 31.4171, 0.00394298, 34.6022)

[node name="barrier_arrow_block19" parent="Barriers" instance=ExtResource("10_78mnx")]
transform = Transform3D(0.188444, 0, -0.982084, 0, 1, 0, 0.982084, 0, 0.188444, 39.5812, 0.103943, 36.1137)

[node name="barrier_arrow_block21" parent="Barriers" instance=ExtResource("10_78mnx")]
transform = Transform3D(-0.878467, 0, -0.477803, 0, 1, 0, 0.477803, 0, -0.878467, 21.4223, 0.203943, -51.928)

[node name="barrier_arrow_block22" parent="Barriers" instance=ExtResource("10_78mnx")]
transform = Transform3D(-0.878467, 0, -0.477803, 0, 1, 0, 0.477803, 0, -0.878467, 24.921, 0.203943, -53.7922)

[node name="barrier_arrow_block48" parent="Barriers" instance=ExtResource("10_78mnx")]
transform = Transform3D(-0.250161, 0, 0.968204, 0, 1, 0, -0.968204, 0, -0.250161, -29.0905, 0.190983, -84.6737)

[node name="barrier_arrow_block57" parent="Barriers" instance=ExtResource("10_78mnx")]
transform = Transform3D(-0.566895, 0, 0.82379, 0, 1, 0, -0.82379, 0, -0.566895, -21.394, 1.09219, -66.312)

[node name="barrier_arrow_block58" parent="Barriers" instance=ExtResource("10_78mnx")]
transform = Transform3D(-0.741835, 0, 0.670582, 0, 1, 0, -0.670582, 0, -0.741835, -12.766, 1.18475, -57.7341)

[node name="barrier_arrow_block59" parent="Barriers" instance=ExtResource("10_78mnx")]
transform = Transform3D(-0.286792, 0, 0.957993, 0, 1, 0, -0.957993, 0, -0.286792, -28.0491, 0.3452, -78.2947)

[node name="barrier_arrow_block49" parent="Barriers" instance=ExtResource("10_78mnx")]
transform = Transform3D(0.179145, 0, 0.983823, 0, 1, 0, -0.983823, 0, 0.179145, -29.2093, 0.0627007, -92.2178)

[node name="barrier_arrow_block50" parent="Barriers" instance=ExtResource("10_78mnx")]
transform = Transform3D(0.69804, 0, 0.716059, 0, 1, 0, -0.716059, 0, 0.69804, -17.2378, 0.00394295, -113.239)

[node name="barrier_arrow_block55" parent="Barriers" instance=ExtResource("10_78mnx")]
transform = Transform3D(0.557571, 0, 0.830129, 0, 1, 0, -0.830129, 0, 0.557571, -23.5218, 0.203943, -106.826)

[node name="barrier_arrow_block56" parent="Barriers" instance=ExtResource("10_78mnx")]
transform = Transform3D(0.557571, 0, 0.830129, 0, 1, 0, -0.830129, 0, 0.557571, -26.9844, 0.203943, -100.286)

[node name="barrier_arrow_block51" parent="Barriers" instance=ExtResource("10_78mnx")]
transform = Transform3D(0.836755, 0, 0.547578, 0, 1, 0, -0.547578, 0, 0.836755, -10.922, 0.00394295, -117.952)

[node name="barrier_arrow_block52" parent="Barriers" instance=ExtResource("10_78mnx")]
transform = Transform3D(0.263839, 0, 0.964567, 0, 1, 0, -0.964567, 0, 0.263839, 3.3119, 0.00394295, -118.8)

[node name="barrier_arrow_block53" parent="Barriers" instance=ExtResource("10_78mnx")]
transform = Transform3D(0.623757, 0, 0.781619, 0, 1, 0, -0.781619, 0, 0.623757, 0.76676, 0.00394295, -114.747)

[node name="barrier_arrow_block54" parent="Barriers" instance=ExtResource("10_78mnx")]
transform = Transform3D(0.990948, 0, 0.134246, 0, 1, 0, -0.134246, 0, 0.990948, -2.81529, 0.204267, -112.108)

[node name="barrier_arrow_block46" parent="Barriers" instance=ExtResource("10_78mnx")]
transform = Transform3D(-0.358857, 0, 0.933393, 0, 1, 0, -0.933393, 0, -0.358857, 0.752997, 0.203943, -58.5388)

[node name="barrier_arrow_block47" parent="Barriers" instance=ExtResource("10_78mnx")]
transform = Transform3D(-0.358857, 0, 0.933393, 0, 1, 0, -0.933393, 0, -0.358857, 2.1438, 0.203943, -54.8265)

[node name="barrier_arrow_block23" parent="Barriers" instance=ExtResource("10_78mnx")]
transform = Transform3D(-0.960687, 0, 0.277633, 0, 1, 0, -0.277633, 0, -0.960687, 32.4588, 0.203943, -55.2917)

[node name="barrier_arrow_block24" parent="Barriers" instance=ExtResource("10_78mnx")]
transform = Transform3D(-0.257319, 0, 0.966327, 0, 1, 0, -0.966327, 0, -0.257319, 40.7261, 0.203943, -50.4691)
arrow_type = 2

[node name="barrier_arrow_block35" parent="Barriers" instance=ExtResource("10_78mnx")]
transform = Transform3D(-0.257319, 0, 0.966327, 0, 1, 0, -0.966327, 0, -0.257319, 38.1887, 0.203943, -59.9979)
arrow_type = 2

[node name="barrier_arrow_block36" parent="Barriers" instance=ExtResource("10_78mnx")]
transform = Transform3D(0.257319, 0, -0.966327, 0, 1, 0, 0.966327, 0, 0.257319, 33.6688, 0.00394297, -76.9718)

[node name="barrier_arrow_block37" parent="Barriers" instance=ExtResource("10_78mnx")]
transform = Transform3D(0.257319, 0, -0.966327, 0, 1, 0, 0.966327, 0, 0.257319, 32.0776, 0.00394268, -82.9473)

[node name="barrier_arrow_block38" parent="Barriers" instance=ExtResource("10_78mnx")]
transform = Transform3D(0.371012, 0, -0.928628, 0, 1, 0, 0.928628, 0, 0.371012, 42.4883, 0.00394488, -101.095)

[node name="barrier_arrow_block40" parent="Barriers" instance=ExtResource("10_78mnx")]
transform = Transform3D(0.97246, 0, -0.233072, 0, 1, 0, 0.233072, 0, 0.97246, 37.1344, 0.00394266, -110.894)

[node name="barrier_arrow_block41" parent="Barriers" instance=ExtResource("10_78mnx")]
transform = Transform3D(0.97246, 0, -0.233072, 0, 1, 0, 0.233072, 0, 0.97246, 31.4182, 0.0039432, -112.264)

[node name="barrier_arrow_block42" parent="Barriers" instance=ExtResource("10_78mnx")]
transform = Transform3D(0.162603, 0, -0.986692, 0, 1, 0, 0.986692, 0, 0.162603, 14.9766, 0.00394297, -114.86)

[node name="barrier_arrow_block43" parent="Barriers" instance=ExtResource("10_78mnx")]
transform = Transform3D(-0.138568, 0, -0.990353, 0, 1, 0, 0.990353, 0, -0.138568, 14.8901, 0.179029, -121.61)

[node name="barrier_arrow_block44" parent="Barriers" instance=ExtResource("10_78mnx")]
transform = Transform3D(-0.889448, 0, -0.457036, 0, 1, 0, 0.457036, 0, -0.889448, 17.3395, 0.203943, -125.88)

[node name="barrier_arrow_block45" parent="Barriers" instance=ExtResource("10_78mnx")]
transform = Transform3D(-0.983514, 0, 0.180828, 0, 1, 0, -0.180828, 0, -0.983514, 22.5956, 0.00394279, -126.304)

[node name="barrier_arrow_block60" parent="Barriers" instance=ExtResource("10_78mnx")]
transform = Transform3D(-0.483954, 0, -0.875093, 0, 1, 0, 0.875093, 0, -0.483954, 42.5539, 0.203943, -115.669)

[node name="barrier_arrow_block61" parent="Barriers" instance=ExtResource("10_78mnx")]
transform = Transform3D(-0.0577208, 0, -0.998332, 0, 1, 0, 0.998332, 0, -0.0577208, 43.6825, 0.203943, -120.48)

[node name="barrier_arrow_block62" parent="Barriers" instance=ExtResource("10_78mnx")]
transform = Transform3D(-0.0577208, 0, -0.998332, 0, 1, 0, 0.998332, 0, -0.0577208, 44.1955, 0.203943, -165.366)

[node name="barrier_arrow_block63" parent="Barriers" instance=ExtResource("10_78mnx")]
transform = Transform3D(-0.0577208, 0, -0.998332, 0, 1, 0, 0.998332, 0, -0.0577208, 37.3985, 0.203943, -165.366)

[node name="barrier_arrow_block64" parent="Barriers" instance=ExtResource("10_78mnx")]
transform = Transform3D(-0.0577208, 0, -0.998332, 0, 1, 0, 0.998332, 0, -0.0577208, 37.3985, 0.203943, -196.145)

[node name="barrier_arrow_block65" parent="Barriers" instance=ExtResource("10_78mnx")]
transform = Transform3D(0.0741259, 0, -0.997248, 0, 1, 0, 0.997248, 0, 0.0741259, 43.8944, 0.203943, -196.145)

[node name="barrier_arrow_block68" parent="Barriers" instance=ExtResource("10_78mnx")]
transform = Transform3D(0.999999, 0, 0.00129158, 0, 1, 0, -0.00129158, 0, 0.999999, 28.1547, 0.203943, -209.141)

[node name="barrier_arrow_block69" parent="Barriers" instance=ExtResource("10_78mnx")]
transform = Transform3D(0.979547, 0, 0.201215, 0, 1, 0, -0.201215, 0, 0.979547, 22.1409, 0.203943, -208.13)

[node name="barrier_arrow_block70" parent="Barriers" instance=ExtResource("10_78mnx")]
transform = Transform3D(0.966564, 0, 0.256424, 0, 1, 0, -0.256424, 0, 0.966564, 12.873, 0.203943, -205.74)

[node name="barrier_arrow_block71" parent="Barriers" instance=ExtResource("10_78mnx")]
transform = Transform3D(0.962686, 0, 0.270617, 0, 1, 0, -0.270617, 0, 0.962686, 5.27045, 0.203943, -203.496)

[node name="barrier_arrow_block72" parent="Barriers" instance=ExtResource("10_78mnx")]
transform = Transform3D(0.934484, 0, 0.356004, 0, 1, 0, -0.356004, 0, 0.934484, -1.94531, 0.203943, -200.83)

[node name="barrier_arrow_block73" parent="Barriers" instance=ExtResource("10_78mnx")]
transform = Transform3D(0.583753, 0, 0.81193, 0, 1, 0, -0.81193, 0, 0.583753, -6.5663, 0.203943, -198.156)

[node name="barrier_arrow_block74" parent="Barriers" instance=ExtResource("10_78mnx")]
transform = Transform3D(0.112752, 0, 0.993622, 0, 1, 0, -0.993622, 0, 0.112752, -7.80493, 0.203943, -193.764)

[node name="barrier_arrow_block75" parent="Barriers" instance=ExtResource("10_78mnx")]
transform = Transform3D(-0.0786678, 0, 0.9969, 0, 1, 0, -0.9969, 0, -0.0786678, 0.882175, 0.203943, -169.121)

[node name="barrier_arrow_block76" parent="Barriers" instance=ExtResource("10_78mnx")]
transform = Transform3D(-0.0786678, 0, 0.9969, 0, 1, 0, -0.9969, 0, -0.0786678, -0.0366441, 0.203943, -184.157)

[node name="barrier_arrow_block77" parent="Barriers" instance=ExtResource("10_78mnx")]
transform = Transform3D(0.221174, 0, 0.975234, 0, 1, 0, -0.975234, 0, 0.221174, -8.80721, 0.203943, -184.073)

[node name="barrier_arrow_block78" parent="Barriers" instance=ExtResource("10_78mnx")]
transform = Transform3D(0.221174, 0, 0.975234, 0, 1, 0, -0.975234, 0, 0.221174, -9.80957, 0.203943, -179.061)

[node name="barrier_arrow_block79" parent="Barriers" instance=ExtResource("10_78mnx")]
transform = Transform3D(0.794425, 0, 0.607362, 0, 1, 0, -0.607362, 0, 0.794425, -0.788408, 0.203943, -161.938)

[node name="barrier_arrow_block80" parent="Barriers" instance=ExtResource("10_78mnx")]
transform = Transform3D(0.935579, 0, 0.353115, 0, 1, 0, -0.353115, 0, 0.935579, -4.38016, 0.203943, -159.849)

[node name="barrier_arrow_block81" parent="Barriers" instance=ExtResource("10_78mnx")]
transform = Transform3D(0.98161, 0, -0.190895, 0, 1, 0, 0.190895, 0, 0.98161, -10.0602, 0.203943, -160.017)

[node name="barrier_arrow_block66" parent="Barriers" instance=ExtResource("10_78mnx")]
transform = Transform3D(0.99946, 0, -0.0328411, 0, 1, 0, 0.0328411, 0, 0.99946, 37.5307, 0.203943, -209.287)

[node name="barrier_arrow_block67" parent="Barriers" instance=ExtResource("10_78mnx")]
transform = Transform3D(0.933442, 0, -0.358726, 0, 1, 0, 0.358726, 0, 0.933442, 42.2041, 0.203943, -208.083)

[node name="barrier_arrow_block39" parent="Barriers" instance=ExtResource("10_78mnx")]
transform = Transform3D(0.371012, 0, -0.928628, 0, 1, 0, 0.928628, 0, 0.371012, 40.0215, 0.00394458, -107.269)

[node name="barrier_arrow_block25" parent="Barriers" instance=ExtResource("10_78mnx")]
transform = Transform3D(-0.257319, 0, 0.966327, 0, 1, 0, -0.966327, 0, -0.257319, 43.725, 0.203943, -40.824)
arrow_type = 2

[node name="barrier_arrow_block26" parent="Barriers" instance=ExtResource("10_78mnx")]
transform = Transform3D(-0.257319, 0, 0.966327, 0, 1, 0, -0.966327, 0, -0.257319, 46.7574, 0.203943, -30.7343)
arrow_type = 2

[node name="barrier_arrow_block27" parent="Barriers" instance=ExtResource("10_78mnx")]
transform = Transform3D(-0.217581, 0, 0.976042, 0, 1, 0, -0.976042, 0, -0.217581, 49.1833, 0.203943, -20.6998)
arrow_type = 2

[node name="barrier_arrow_block28" parent="Barriers" instance=ExtResource("10_78mnx")]
transform = Transform3D(-0.217581, 0, 0.976042, 0, 1, 0, -0.976042, 0, -0.217581, 51.6271, 0.203943, -10.7962)
arrow_type = 2

[node name="barrier_arrow_block29" parent="Barriers" instance=ExtResource("10_78mnx")]
transform = Transform3D(-0.16978, 0, 0.985482, 0, 1, 0, -0.985482, 0, -0.16978, 53.8024, 0.203943, -0.894794)
arrow_type = 2

[node name="barrier_arrow_block30" parent="Barriers" instance=ExtResource("10_78mnx")]
transform = Transform3D(-0.16978, 0, 0.985482, 0, 1, 0, -0.985482, 0, -0.16978, 55.4526, 0.203943, 8.5324)
arrow_type = 2

[node name="barrier_arrow_block31" parent="Barriers" instance=ExtResource("10_78mnx")]
transform = Transform3D(-0.16978, 0, 0.985482, 0, 1, 0, -0.985482, 0, -0.16978, 57.3937, 0.00394309, 19.1324)
arrow_type = 2

[node name="barrier_arrow_block20" parent="Barriers" instance=ExtResource("10_78mnx")]
transform = Transform3D(-0.303168, 0, -0.952937, 0, 1, 0, 0.952937, 0, -0.303168, 37.7983, 0.00394298, 46.9022)

[node name="barrier_arrow_block32" parent="Barriers" instance=ExtResource("10_78mnx")]
transform = Transform3D(-0.804738, 0, -0.59363, 0, 1, 0, 0.59363, 0, -0.804738, 67.7734, 0.00394293, 38.1343)

[node name="barrier_arrow_block33" parent="Barriers" instance=ExtResource("10_78mnx")]
transform = Transform3D(-0.0380912, 0, -0.999274, 0, 1, 0, 0.999274, 0, -0.0380912, 70.5014, 0.00394293, 33.411)

[node name="barrier_arrow_block34" parent="Barriers" instance=ExtResource("10_78mnx")]
transform = Transform3D(-0.986271, 0, 0.165134, 0, 1, 0, -0.165134, 0, -0.986271, 62.7694, 0.103943, 39.3216)

[node name="barrier_arrow_block6" parent="Barriers" instance=ExtResource("10_78mnx")]
transform = Transform3D(-0.555265, 0, -0.831673, 0, 1, 0, 0.831673, 0, -0.555265, -40.7689, 0.00394298, 142.901)

[node name="barrier_arrow_block2" parent="Barriers" instance=ExtResource("10_78mnx")]
transform = Transform3D(-0.724268, 0, 0.689519, 0, 1, 0, -0.689519, 0, -0.724268, 6.87066, 0.203943, 5.88263)
arrow_type = 1

[node name="barrier_railing" parent="Barriers" instance=ExtResource("11_deirm")]
transform = Transform3D(0.984859, 0, 0.173355, 0, 1, 0, -0.173355, 0, 0.984859, 4.69284, 0.707334, -16.7775)

[node name="barrier_railing29" parent="Barriers" instance=ExtResource("11_deirm")]
transform = Transform3D(0.954656, 0, -0.297709, 0, 1, 0, 0.297709, 0, 0.954656, 29.7044, 0.224904, 40.8572)
railing_type = 0

[node name="barrier_railing30" parent="Barriers" instance=ExtResource("11_deirm")]
transform = Transform3D(0.9816, 0, -0.190947, 0, 1, 0, 0.190947, 0, 0.9816, 39.4997, 0.224904, 41.6204)
railing_type = 0

[node name="barrier_railing32" parent="Barriers" instance=ExtResource("11_deirm")]
transform = Transform3D(0.505837, 0, -0.862629, 0, 1, 0, 0.862629, 0, 0.505837, 21.9372, 0.203943, -55.0743)
railing_type = 0

[node name="barrier_railing52" parent="Barriers" instance=ExtResource("11_deirm")]
transform = Transform3D(-0.940271, 0, -0.340428, 0, 1, 0, 0.340428, 0, -0.940271, 3.4771, 0.203943, -57.0322)
railing_type = 0

[node name="barrier_railing53" parent="Barriers" instance=ExtResource("11_deirm")]
transform = Transform3D(-0.940271, 0, -0.340428, 0, 1, 0, 0.340428, 0, -0.940271, -2.86274, 0.812952, -47.8021)
railing_type = 0

[node name="barrier_railing54" parent="Barriers" instance=ExtResource("11_deirm")]
transform = Transform3D(-0.555005, 0, -0.831847, 0, 1, 0, 0.831847, 0, -0.555005, -7.80408, 1.92004, -54.3284)
railing_type = 0

[node name="barrier_railing55" parent="Barriers" instance=ExtResource("11_deirm")]
transform = Transform3D(-0.9845, 0, -0.175383, 0, 1, 0, 0.175383, 0, -0.9845, 7.29964, 0.582164, -47.8954)
railing_type = 0

[node name="barrier_railing33" parent="Barriers" instance=ExtResource("11_deirm")]
transform = Transform3D(0.763604, 0, -0.645685, 0, 1, 0, 0.645685, 0, 0.763604, 28.0941, 0.203943, -60.3229)
railing_type = 0

[node name="barrier_railing35" parent="Barriers" instance=ExtResource("11_deirm")]
transform = Transform3D(-0.65145, 0, -0.758691, 0, 1, 0, 0.758691, 0, -0.65145, 50.0653, 0.203943, 30.4453)
railing_type = 0

[node name="barrier_railing36" parent="Barriers" instance=ExtResource("11_deirm")]
transform = Transform3D(-0.152711, 0, -0.98827, 0, 1, 0, 0.98827, 0, -0.152711, 62.6072, 0.00394297, 40.9491)
railing_type = 0

[node name="barrier_railing37" parent="Barriers" instance=ExtResource("11_deirm")]
transform = Transform3D(0.612575, 0, -0.790412, 0, 1, 0, 0.790412, 0, 0.612575, 68.7354, 0.00394297, 39.164)
railing_type = 0

[node name="barrier_railing38" parent="Barriers" instance=ExtResource("11_deirm")]
transform = Transform3D(0.999693, 0, -0.0247648, 0, 1, 0, 0.0247648, 0, 0.999693, 71.6213, 0.00394291, 33.4723)
railing_type = 0

[node name="barrier_railing39" parent="Barriers" instance=ExtResource("11_deirm")]
transform = Transform3D(0.949568, 0, 0.31356, 0, 1, 0, -0.31356, 0, 0.949568, 70.2124, 0.00394291, 26.5651)
railing_type = 0

[node name="barrier_railing34" parent="Barriers" instance=ExtResource("11_deirm")]
transform = Transform3D(0.819561, 0, -0.572991, 0, 1, 0, 0.572991, 0, 0.819561, 33.0399, 0.203943, -66.9846)
railing_type = 0

[node name="barrier_railing40" parent="Barriers" instance=ExtResource("11_deirm")]
transform = Transform3D(0.962018, 0, 0.272984, 0, 1, 0, -0.272984, 0, 0.962018, 30.7896, 0.00394285, -80.5614)
railing_type = 0

[node name="barrier_railing44" parent="Barriers" instance=ExtResource("11_deirm")]
transform = Transform3D(0.982771, 0, 0.184825, 0, 1, 0, -0.184825, 0, 0.982771, 29.405, 0.00394285, -95.4454)
railing_type = 0

[node name="barrier_railing45" parent="Barriers" instance=ExtResource("11_deirm")]
transform = Transform3D(0.761663, 0, 0.647973, 0, 1, 0, -0.647973, 0, 0.761663, 26.2032, 0.00394267, -104.964)
railing_type = 0

[node name="barrier_railing48" parent="Barriers" instance=ExtResource("11_deirm")]
transform = Transform3D(0.987724, 0, 0.156209, 0, 1, 0, -0.156209, 0, 0.987724, 13.4826, 0.00394267, -114.829)
railing_type = 0

[node name="barrier_railing49" parent="Barriers" instance=ExtResource("11_deirm")]
transform = Transform3D(0.998635, 0, -0.0522323, 0, 1, 0, 0.0522323, 0, 0.998635, 13.1365, 0.172659, -121.991)
railing_type = 0

[node name="barrier_railing56" parent="Barriers" instance=ExtResource("11_deirm")]
transform = Transform3D(0.998458, 0, 0.0555069, 0, 1, 0, -0.0555069, 0, 0.998458, 5.50108, 0.858466, -121.991)
railing_type = 0

[node name="barrier_railing57" parent="Barriers" instance=ExtResource("11_deirm")]
transform = Transform3D(0.827482, 0, -0.561492, 0, 1, 0, 0.561492, 0, 0.827482, 3.52153, 1.0147, -114.544)
railing_type = 0

[node name="barrier_railing58" parent="Barriers" instance=ExtResource("11_deirm")]
transform = Transform3D(0.827482, 0, -0.561492, 0, 1, 0, 0.561492, 0, 0.827482, -23.5383, 0.203943, -109.543)
railing_type = 0

[node name="barrier_railing61" parent="Barriers" instance=ExtResource("11_deirm")]
transform = Transform3D(0.623415, 0, -0.781891, 0, 1, 0, 0.781891, 0, 0.623415, -14.7423, 0.00394297, -117.019)
railing_type = 0

[node name="barrier_railing62" parent="Barriers" instance=ExtResource("11_deirm")]
transform = Transform3D(0.856943, 0, 0.515411, 0, 1, 0, -0.515411, 0, 0.856943, -25.8117, 0.651985, -72.5921)
railing_type = 0

[node name="barrier_railing63" parent="Barriers" instance=ExtResource("11_deirm")]
transform = Transform3D(0.68933, 0, 0.724448, 0, 1, 0, -0.724448, 0, 0.68933, -16.7958, 1.25167, -61.3772)
railing_type = 0

[node name="barrier_railing59" parent="Barriers" instance=ExtResource("11_deirm")]
transform = Transform3D(0.873874, 0, -0.486153, 0, 1, 0, 0.486153, 0, 0.873874, -27.9024, 0.203943, -102.269)
railing_type = 0

[node name="barrier_railing60" parent="Barriers" instance=ExtResource("11_deirm")]
transform = Transform3D(0.999999, 0, 0.00174443, 0, 1, 0, -0.00174443, 0, 0.999999, -30.6361, 0.124411, -88.3179)
railing_type = 0

[node name="barrier_railing50" parent="Barriers" instance=ExtResource("11_deirm")]
transform = Transform3D(0.472703, 0, -0.881221, 0, 1, 0, 0.881221, 0, 0.472703, 15.8191, 0.203943, -127.377)
railing_type = 0

[node name="barrier_railing51" parent="Barriers" instance=ExtResource("11_deirm")]
transform = Transform3D(-0.0773812, 0, -0.997001, 0, 1, 0, 0.997001, 0, -0.0773812, 22.1361, 0.203943, -128.611)
railing_type = 0

[node name="barrier_railing46" parent="Barriers" instance=ExtResource("11_deirm")]
transform = Transform3D(0.214873, 0, 0.976642, 0, 1, 0, -0.976642, 0, 0.214873, 29.232, 0.203943, -114.916)
railing_type = 0

[node name="barrier_railing64" parent="Barriers" instance=ExtResource("11_deirm")]
transform = Transform3D(-0.428256, 0, 0.903657, 0, 1, 0, -0.903657, 0, -0.428256, 29.3855, 0.203943, -202.181)
railing_type = 2

[node name="barrier_railing65" parent="Barriers" instance=ExtResource("11_deirm")]
transform = Transform3D(-0.428256, 0, 0.903657, 0, 1, 0, -0.903657, 0, -0.428256, 24.35, 0.203943, -199.795)
railing_type = 3

[node name="barrier_railing66" parent="Barriers" instance=ExtResource("11_deirm")]
transform = Transform3D(-0.319372, 0, 0.94763, 0, 1, 0, -0.94763, 0, -0.319372, 18.9893, 0.203943, -197.54)
railing_type = 2

